0.001621667
0.002323177
0.021153292
0.004773566
0.003309875
0.004646488
0.011090198
0.009346653
0.000999980

0.004333936
0.001748410
0.010885732
0.016805494
0.001772944
0.009029403
0.000000133
0.000000112
0.006000000

0.000159804
0.000388346
0.004758909
0.002039029
0.003833767
0.003733462
0.003992375
0.000000051
0.031514259

0.001421376
0.001004138
0.003124590
0.005605808
0.005403456
0.000785313
0.003956069
0.005700190
0.169088494

0.002888731
0.001802174
0.002358037
0.003153019
0.001068891
0.002951451
0.004775615
0.006814133
0.192000973

0.007368435
0.002312401
0.001739110
0.000919327
0.000356464
0.001716265
0.004558459
0.006358205
0.187936705

0.006613147
0.003816061
0.001523043
0.004294906
0.008084602
0.002735802
0.001576874
0.005407479
0.195997921

0.002903729
0.002160897
0.000965503
0.004453341
0.005211294
0.000859516
0.004670550
0.009834788
0.215971709

0.001110399
0.001919652
0.000298318
0.002240202
0.003175934
0.003804383
0.002679780
0.009424691
0.218102236

0.001270837
0.000429112
0.000623389
0.003717641
0.001510746
0.000907130
0.003920275
0.009597742
0.273499091

0.001114164
0.001200265
0.000933087
0.000432694
0.001170623
0.002386852
0.001589351
0.006966695
0.254789597

0.000713057
0.001563058
0.000557364
0.000371289
0.008404269
0.001680526
0.000700380
0.008075984
0.281646581

0.000090743
0.002343327
0.000308374
0.000638032
0.000203085
0.002007332
0.002679654
0.006296776
0.309443792

0.001154396
0.002810746
0.000674408
0.001866140
0.005260278
0.001731831
0.004190541
0.005793175
0.280627404

0.001338365
0.002147327
0.001005188
0.005979605
0.018561227
0.000881878
0.004765034
0.003586896
0.299706752

0.000406063
0.000865821
0.001137445
0.005861110
0.002334805
0.001781256
0.005633639
0.001046731
0.308958671

0.000509820
0.001756404
0.001257914
0.001081028
0.000533198
0.002346203
0.006100041
0.000463067
0.313655507

0.000542900
0.002981802
0.001146361
0.001293341
0.012108775
0.002404444
0.004303499
0.001124700
0.315692082

0.000594763
0.004503153
0.000809669
0.000252552
0.033870789
0.008342849
0.003589764
0.001566974
0.313252758

0.001616537
0.002967269
0.000361723
0.007862280
0.016775333
0.003100002
0.000667320
0.002237657
0.317392202

0.001028789
0.000351093
0.000526537
0.000538162
0.006986709
0.001295869
0.002987996
0.004500817
0.333049912

0.002476343
0.001010831
0.000530122
0.001348767
0.002879622
0.002613419
0.002755355
0.003199229
0.351467177

0.000399709
0.000668695
0.000068419
0.007142529
0.007347693
0.002325009
0.004624478
0.001585686
0.372744482

0.000129180
0.001683700
0.000661133
0.003167359
0.006345027
0.000021544
0.008523342
0.001527667
0.396761390

0.000093216
0.000621712
0.000896363
0.005275609
0.003204166
0.000061928
0.009014223
0.000156647
0.421315417

0.004243216
0.000294814
0.001238612
0.001096160
0.007895867
0.003031628
0.011145682
0.001255520
0.390021402

0.002253857
0.000797975
0.001589274
0.000184576
0.000884484
0.003489184
0.012948047
0.006545281
0.313214410

0.001616270
0.001048778
0.000785931
0.002966880
0.010117026
0.004505864
0.013329879
0.007450861
0.248996078

0.000547620
0.000623096
0.000168200
0.000559001
0.005302173
0.000466293
0.010480802
0.008959029
0.196376298

0.001550555
0.001346050
0.000425821
0.003870162
0.016792684
0.000313816
0.014069006
0.007882598
0.155663364

0.000462010
0.000448672
0.000593113
0.000529004
0.011088711
0.001160362
0.014007333
0.006261138
0.123116769

0.001189032
0.000499666
0.001028316
0.006058776
0.006402112
0.002303862
0.013755387
0.007626574
0.098045134

0.000454758
0.001228043
0.001229909
0.002955827
0.006275906
0.003677707
0.016099479
0.010142461
0.076182382

0.001499917
0.000691800
0.001062690
0.002825782
0.017177902
0.003749088
0.011824294
0.011513937
0.057672930

0.002592755
0.001954586
0.001711679
0.004144203
0.005913429
0.002110443
0.010337506
0.009472860
0.047377016

0.000596447
0.003054933
0.002026336
0.002335071
0.001743463
0.003630788
0.009076535
0.007252882
0.036808953

0.000035322
0.001013909
0.001464531
0.003225557
0.001231628
0.001429182
0.005374793
0.008147471
0.029719967

0.000523833
0.000367878
0.001143451
0.001929808
0.011758012
0.001739983
0.005440954
0.009716773
0.025237538

0.002618605
0.001099631
0.000878883
0.003875187
0.009201389
0.005479117
0.003752781
0.010221236
0.018340082

0.002880518
0.000698715
0.000181133
0.000364029
0.001030897
0.001159969
0.003293261
0.007020448
0.015029948

0.000905448
0.000314357
0.001041762
0.000680123
0.006812012
0.003177692
0.003734452
0.003973355
0.015886229

0.000415522
0.002550219
0.001660748
0.001966395
0.004155347
0.002683759
0.003897108
0.004763976
0.009666069

0.001246651
0.001231671
0.001275941
0.001920592
0.001625979
0.002453137
0.001512448
0.006928974
0.010253506

0.000269211
0.003162793
0.000557943
0.001770992
0.011459892
0.002333743
0.000070257
0.008265372
0.011464269

0.002098273
0.005466343
0.000158058
0.003491885
0.000346487
0.003224398
0.004161532
0.008426547
0.010268322

0.001296196
0.002651239
0.000433130
0.001477895
0.014328430
0.001241425
0.007067461
0.011278214
0.009756963

0.000604996
0.002950756
0.000157106
0.006399823
0.004889086
0.001975504
0.008519724
0.007673098
0.008565298

0.001045388
0.000114375
0.000332999
0.005654530
0.005394859
0.001009748
0.013591389
0.007707563
0.005775762

0.003568233
0.000948449
0.000631317
0.001971276
0.001363634
0.000474706
0.012869922
0.007617626
0.007111483

0.002275498
0.000965608
0.000471444
0.004845455
0.010505085
0.002598679
0.012294789
0.004917192
0.008605740

0.002470857
0.000692168
0.000262190
0.003879921
0.001947031
0.003339691
0.011188015
0.002812080
0.007339947

0.002646832
0.001885582
0.001064330
0.000920627
0.000844022
0.000347863
0.014486874
0.001335169
0.009905211

0.001825999
0.001607408
0.001292493
0.000230969
0.002817349
0.001846820
0.012262524
0.005265262
0.007999070

0.000243620
0.003663716
0.001153592
0.007192051
0.003949253
0.001069848
0.010390839
0.007733919
0.008984673

0.000099276
0.002476691
0.001054870
0.002295419
0.005023728
0.003111647
0.006878524
0.009828917
0.009054773

0.000372895
0.002969578
0.000808504
0.001127704
0.006521846
0.003703204
0.004873906
0.013236351
0.009405055

0.004226286
0.000951004
0.001215914
0.001407881
0.011991860
0.001096848
0.002325003
0.014094818
0.010544759

0.002490198
0.000349903
0.001356605
0.001142435
0.002430967
0.001792175
0.002804491
0.009756894
0.009678759

0.000507578
0.003078434
0.001925492
0.000777054
0.000931905
0.002426949
0.002691537
0.010823535
0.007754672

0.000237907
0.003998634
0.002351554
0.002636998
0.004679959
0.001796501
0.006461546
0.015522065
0.007906432

0.000681336
0.002345870
0.002038295
0.005469918
0.008756458
0.002175934
0.010448753
0.017112950
0.007552687

0.001753738
0.001618474
0.001360104
0.006275357
0.008934746
0.002944419
0.013063607
0.017694638
0.005483375

0.001377879
0.000442463
0.000737416
0.002842197
0.001570440
0.001076414
0.011447012
0.017539320
0.008897213

0.001931555
0.001663031
0.000845167
0.004124505
0.002013681
0.002519567
0.010977144
0.016885132
0.006556661

0.001221919
0.001876496
0.001214038
0.004338425
0.001901626
0.001116026
0.009979657
0.016688372
0.006907033

0.001560095
0.001025470
0.001055934
0.001256334
0.002953413
0.001371167
0.014443711
0.018805988
0.005478882

0.004194685
0.002232447
0.000313441
0.010605308
0.010609308
0.005876971
0.018308400
0.019581129
0.007640315

0.002422220
0.001162647
0.000554445
0.003760101
0.007728143
0.004091960
0.022534512
0.014590693
0.004782971

0.000321847
0.001883924
0.000142620
0.000882194
0.008904308
0.001626039
0.022051251
0.013115255
0.005713978

0.001787560
0.001461678
0.000392331
0.006844149
0.012556049
0.001225012
0.021941185
0.014478004
0.005108105

0.004046868
0.000475592
0.001005811
0.003055900
0.002933827
0.002868504
0.024249066
0.011045616
0.005118045

0.002940885
0.000122808
0.001270311
0.003350580
0.003409648
0.004916743
0.026430199
0.007625328
0.005366441

0.002870209
0.001098460
0.000501997
0.001224135
0.003163008
0.001511550
0.027967446
0.006505152
0.005165831

0.001477584
0.004369565
0.007140759
0.036941437
0.028552473
0.088592792
0.025887186
0.006552792
0.005647870

0.004382685
0.011026138
0.034632060
0.037197933
0.002179773
0.129857800
0.019595290
0.004100199
0.005229996

0.005654063
0.007164876
0.073280190
0.002296008
0.032261618
0.099828417
0.009780521
0.006683875
0.004770301

0.000106418
0.001731241
0.107812980
0.018196443
0.020706351
0.050813893
0.001363305
0.010104885
0.006495742

0.003760551
0.010545750
0.130804923
0.001373836
0.004531823
0.017901281
0.001303050
0.004301703
0.003965513

0.007653720
0.013904343
0.142919437
0.006356196
0.010864021
0.004514816
0.005130632
0.000826679
0.008178658

0.013137910
0.009868102
0.148671179
0.013077763
0.001829341
0.003556532
0.017377395
0.005183307
0.004660452

0.014472993
0.006261770
0.151573806
0.011344795
0.000010649
0.002104860
0.028353166
0.013811287
0.008692563

0.017714084
0.002010073
0.152817620
0.009074134
0.000352230
0.001354045
0.039321344
0.021307349
0.008434470

0.017070997
0.006848052
0.153134634
0.006240012
0.006409359
0.000278458
0.049920443
0.037481639
0.005170428

0.013433392
0.012213536
0.153512205
0.008868159
0.008264672
0.003516365
0.060543346
0.054347450
0.009936831

0.014867433
0.015761802
0.154197076
0.000789381
0.004002893
0.000114334
0.070522290
0.073266934
0.007389896

0.009504833
0.016468237
0.154665742
0.002400221
0.002946820
0.001781235
0.085904859
0.093931100
0.008615654

0.005329372
0.016734872
0.154480860
0.013096473
0.011889924
0.007904528
0.097482404
0.114752964
0.008647791

0.015236659
0.007502221
0.143436712
0.011620957
0.182918762
0.123848292
0.100754618
0.120507508
0.006285980

0.015152764
0.030367521
0.104785806
0.023713328
0.032214394
0.210497709
0.095439111
0.115799361
0.010311836

0.018025576
0.037987256
0.038115113
0.000268753
0.056492898
0.200389518
0.071294219
0.102639186
0.020289051

0.046718852
0.002039656
0.038366292
0.039987956
0.146916178
0.143703010
0.069803032
0.075982741
0.038506075

0.034537315
0.077262504
0.083261006
0.021138161
0.237128239
0.037690058
0.099912856
0.089495893
0.073600269

0.016967336
0.158420735
0.093090201
0.033632167
0.045643132
0.064471676
0.156503628
0.154467656
0.131627534

0.070862849
0.179074229
0.090586507
0.041170458
0.032803325
0.113317126
0.233451337
0.291057714
0.188509279

0.090359117
0.168751555
0.059768470
0.025790740
0.027575690
0.114536136
0.344858698
0.473851744
0.216836764

0.080951495
0.149097833
0.018724729
0.012482617
0.034555836
0.093160755
0.460868293
0.674857310
0.209295088

0.053300844
0.113301154
0.018585927
0.003458565
0.012936774
0.056249783
0.564634843
0.853566186
0.168384996

0.022049942
0.069238189
0.046078992
0.012840674
0.016566472
0.038392131
0.642953370
0.981748405
0.126993922

0.000983052
0.025177324
0.062907150
0.000844368
0.012939527
0.013000248
0.694760514
1.054215714
0.097528832

0.010400955
0.007681553
0.069617101
0.006171373
0.015658879
0.001624159
0.720181344
1.085008660
0.079206192

0.011927688
0.033922202
0.070025364
0.004190661
0.000874596
0.009593948
0.727558555
1.091078962
0.070079456

0.011469978
0.041196222
0.067752811
0.001649924
0.000949767
0.007872942
0.724132421
1.077238287
0.066182222

0.009151244
0.045822269
0.064284614
0.005576773
0.016501493
0.017799010
0.714522858
1.059359116
0.058974798

0.008042417
0.040355121
0.059280230
0.003142338
0.002741363
0.014132674
0.704013024
1.040755631
0.057036106

0.007489199
0.037513202
0.053680142
0.000587743
0.022094126
0.017125855
0.697327757
1.031557337
0.047722442

0.007498876
0.039298071
0.047334856
0.014112447
0.009073872
0.016120225
0.689976598
1.023813953
0.040822119

0.005763368
0.036723747
0.041130096
0.000173561
0.001873077
0.014201816
0.676895224
1.015469958
0.037162938

0.000950819
0.035319183
0.035654327
0.004021409
0.010372331
0.013346416
0.663404348
1.005646590
0.033897548

0.003145392
0.034251588
0.030858660
0.005790558
0.011992724
0.008732748
0.656770547
0.989082575
0.027942469

0.004018217
0.036952741
0.026461228
0.005221987
0.003233907
0.013441930
0.649735799
0.972104828
0.021223284

0.006568295
0.035134663
0.022063784
0.003036228
0.012640607
0.010263780
0.638182788
0.952471005
0.020619240

0.006046093
0.035926581
0.018034410
0.004779929
0.007615383
0.008913159
0.629877919
0.932350469
0.018205765

0.008512574
0.032061377
0.013716213
0.001721223
0.005720122
0.018381634
0.618804823
0.910295058
0.015333635

0.009191942
0.028629114
0.008936251
0.004396385
0.013577402
0.002503927
0.612058897
0.886622437
0.012112309

0.005165688
0.027357615
0.005835922
0.000737313
0.005072756
0.009219708
0.606828509
0.866985993
0.011430757

0.007706411
0.025675491
0.002486233
0.003606766
0.001284325
0.010105754
0.597615381
0.850803510
0.010906485

0.009291333
0.022725264
0.000778120
0.001158555
0.001471626
0.004621134
0.592216090
0.828822691
0.010561181

0.007544262
0.018158561
0.003663524
0.002076119
0.002567877
0.009724387
0.589506645
0.808565129
0.005671159

0.005414147
0.014058816
0.006037365
0.007861195
0.007778853
0.003436335
0.588515387
0.795301178
0.006230683

0.003009500
0.010423309
0.006798055
0.002404343
0.002233409
0.004643271
0.588151560
0.785571344
0.003601457

0.001441360
0.007878973
0.008221633
0.003250769
0.001964690
0.004718402
0.587891950
0.778379430
0.002940901

0.001459974
0.007092715
0.009379379
0.000787270
0.001070323
0.001950112
0.587533469
0.774892530
0.001769248

0.001065433
0.006157420
0.009351781
0.002581433
0.003643270
0.002363090
0.587148106
0.771335523
0.005775095

0.002248889
0.004241575
0.008674092
0.000844117
0.003118031
0.003549195
0.587844402
0.769415441
0.000701102

0.002287959
0.005079276
0.008050743
0.006733557
0.000545146
0.002280192
0.591509249
0.767797438
0.003318487

0.002654967
0.003149548
0.007771828
0.005198773
0.003740404
0.004915133
0.592738120
0.765134278
0.003879112

0.000815879
0.003843013
0.006924673
0.010386962
0.000482179
0.000059259
0.596177317
0.764993709
0.002596079

0.002750974
0.000820232
0.006679443
0.005893480
0.000115906
0.001093680
0.598253557
0.766516144
0.000582723

0.002382702
0.002528587
0.007063825
0.004414995
0.001319227
0.003965050
0.605393982
0.769174696
0.001433929

0.002062139
0.003014202
0.007420724
0.005200066
0.100765233
0.010339939
0.615300119
0.775870057
0.000946093

0.000869860
0.026871301
0.004085055
0.003311914
0.068965405
0.030601720
0.631937126
0.792418520
0.000374287

0.005742433
0.040076165
0.005184746
0.004750097
0.035986199
0.032104825
0.656123044
0.820856267
0.002197387

0.011789100
0.025752691
0.016926202
0.010144607
0.065006184
0.026391060
0.683970367
0.855290725
0.001990062

0.014722419
0.011945542
0.026281403
0.009571594
0.054124706
0.012535057
0.706432454
0.879831559
0.003202785

0.011415649
0.053933388
0.031476179
0.004545600
0.047913142
0.006029918
0.706149307
0.875725925
0.023381097

0.004066286
0.094413382
0.033794198
0.007450893
0.043394391
0.003499192
0.677483021
0.837502436
0.056091451

0.002466954
0.123487442
0.034016900
0.002052121
0.023435076
0.005479443
0.619626461
0.767130172
0.096118161

0.012411129
0.139943585
0.033461021
0.004437790
0.036189644
0.015187567
0.537352914
0.671697892
0.123049230

0.016099448
0.146896209
0.029844061
0.005261590
0.017913082
0.013993489
0.440133764
0.559195430
0.140926117

0.019562524
0.138807707
0.024954797
0.010080117
0.013128494
0.015774676
0.333824076
0.444089958
0.142715648

0.019531076
0.123614511
0.018686532
0.002105225
0.014115580
0.020683410
0.233458332
0.334090037
0.131781114

0.015978046
0.104449974
0.010612553
0.006024898
0.013892348
0.019454530
0.143119047
0.236247753
0.110634711

0.012362828
0.085722286
0.002815168
0.002808114
0.000003808
0.013990459
0.066227565
0.153790665
0.088414992

0.008731766
0.064614000
0.004359621
0.002614217
0.004290401
0.016980111
0.001493064
0.084582970
0.069719598

0.006968057
0.047827067
0.011322870
0.005891789
0.011127103
0.014220173
0.048144002
0.028196660
0.052143747

0.004904961
0.031731548
0.018021393
0.003687336
0.003052370
0.021399419
0.088758543
0.020861028
0.040230633

0.005442362
0.014914730
0.025477701
0.007131726
0.021877635
0.016473635
0.117056746
0.061161409
0.027885700

0.007630609
0.001293658
0.031485222
0.002326642
0.000337533
0.007084726
0.130167368
0.094663591
0.021547598

0.007383795
0.009433613
0.035101419
0.002002343
0.004942997
0.004538835
0.131942575
0.121159072
0.020500405

0.006787844
0.020684005
0.037851281
0.002621172
0.007297058
0.008956959
0.126340659
0.140008609
0.017376669

0.006803608
0.027118263
0.039749946
0.001449711
0.016763083
0.006538231
0.110365516
0.146937232
0.016800051

0.007495493
0.034229630
0.039274225
0.002870371
0.002302185
0.001973807
0.090989918
0.148175225
0.016868626

0.008505108
0.035917767
0.038068214
0.004821111
0.005525596
0.009003040
0.066107928
0.142969405
0.018901118

0.006850276
0.037854315
0.035455410
0.003964736
0.008761110
0.008520436
0.040099000
0.132985476
0.016037052

0.006733985
0.037371746
0.031876127
0.002547830
0.001857176
0.016789799
0.014502965
0.117899249
0.015894980

0.003751529
0.039914217
0.026725142
0.002563450
0.017785569
0.015606065
0.012481782
0.099948126
0.015543475

0.003405547
0.042496453
0.021266427
0.000242415
0.017217190
0.013267760
0.038713954
0.071906302
0.016547188

0.000231521
0.040620220
0.015386542
0.003482537
0.001604161
0.019528983
0.064376269
0.041975707
0.008976831

0.001151058
0.035650420
0.008153006
0.002366022
0.007984735
0.021333861
0.085460712
0.013842737
0.007518573

0.004578071
0.028522119
0.001105790
0.001090457
0.003075915
0.010274815
0.105945860
0.011972975
0.007785928

0.008862897
0.017730651
0.004521718
0.005461119
0.007056578
0.013854700
0.118569148
0.035874800
0.006047656

0.012365374
0.009490308
0.009719161
0.001431719
0.008983422
0.010209125
0.121033303
0.053108747
0.007761703

0.016910150
0.006284353
0.025864460
0.064096551
0.046529936
0.154646380
0.117444464
0.073958826
0.006799660

0.024720549
0.006337700
0.068385125
0.070775760
0.012006827
0.140669620
0.119121047
0.088325916
0.004402858

0.019904221
0.001538338
0.112359380
0.007695057
0.059923132
0.087807225
0.118815199
0.097121493
0.006528853

0.003651236
0.021990281
0.144938621
0.031782803
0.015223837
0.031993399
0.119231870
0.098349489
0.008270621

0.005735712
0.031053402
0.164394374
0.008417667
0.009446291
0.007689040
0.116866005
0.073877675
0.010854366

0.009351276
0.028791798
0.173780359
0.009898256
0.003755459
0.000595271
0.105008087
0.042795856
0.011138664

0.015474275
0.024331955
0.127777738
0.001092487
0.003318555
0.618386448
0.088554314
0.010844161
0.010343022

0.018056792
0.020773920
0.029827021
0.007867225
0.002403173
0.536463193
0.067829731
0.021436866
0.014609397

0.016903754
0.021986141
0.200822415
0.000589028
0.000246641
0.320966085
0.051351220
0.046857220
0.015093567

0.007225021
0.028977886
0.327893243
0.002645385
0.004177221
0.127559153
0.038353141
0.063485918
0.011872857

0.011625056
0.035140714
0.396909487
0.015655477
0.002210742
0.008658568
0.029518071
0.072209175
0.012097474

0.030216483
0.021972242
0.415350968
0.013537859
0.009524485
0.092888882
0.015116085
0.089303131
0.009485721

0.040268804
0.000507503
0.396995441
0.006630035
0.012364786
0.136620065
0.003912227
0.114922376
0.010906679

0.027591008
0.016248768
0.356313696
0.002619964
0.000417270
0.146526612
0.009393851
0.153380467
0.007414513

0.031941702
0.016121648
0.310421952
0.027187427
0.200302794
0.105713178
0.005268980
0.189701784
0.005828545

0.046242613
0.027952616
0.269885117
0.079304929
0.050911927
0.082433429
0.027911297
0.215949485
0.009741015

0.059966730
0.040663929
0.240176756
0.098858874
0.032658677
0.073793126
0.082311710
0.209728683
0.021430419

0.065112428
0.008707988
0.203003816
0.084831985
0.115788400
0.075933006
0.147915972
0.209899081
0.035605869

0.048749529
0.052743766
0.153284710
0.042194541
0.226528368
0.077399106
0.192204882
0.254543189
0.060121301

0.041464835
0.123261085
0.113371359
0.026457976
0.054902816
0.056378455
0.214338358
0.343118801
0.103741093

0.036340721
0.161756299
0.093525489
0.053562119
0.026933403
0.039344022
0.208232667
0.467724728
0.144365960

0.021695412
0.176360655
0.090264643
0.041715620
0.045630101
0.019327705
0.172196128
0.622111966
0.165706128

0.003474351
0.158421666
0.093812226
0.028701770
0.032887666
0.007770549
0.106356615
0.801111587
0.154253815

0.006390528
0.117936883
0.097372355
0.016647008
0.014238144
0.004066628
0.040893337
0.972282959
0.126424351

0.010222759
0.067446781
0.099153666
0.006384399
0.009992966
0.002237798
0.000168741
1.107526921
0.091482367

0.000386366
0.025244722
0.099504717
0.007650101
0.020194814
0.001295674
0.008933113
1.195179314
0.071596640

0.009002797
0.008888726
0.096947932
0.005134648
0.006574787
0.008173240
0.011565705
1.249280685
0.061963097

0.015754994
0.025171303
0.092658070
0.006618042
0.006087721
0.011901346
0.046248679
1.268960576
0.058438252

0.015887754
0.029932433
0.086649706
0.000880257
0.009157130
0.021972864
0.084062340
1.270830587
0.056621528

0.015106575
0.034098195
0.079237432
0.007881037
0.019654117
0.017333230
0.116841861
1.264767751
0.053109053

0.016522684
0.034179771
0.072074590
0.005864524
0.002812911
0.019364209
0.145277995
1.255511329
0.048400054

0.016134826
0.031149407
0.064387068
0.003401303
0.012920099
0.021076022
0.172714606
1.248905383
0.040186022

0.014157574
0.035889568
0.055579115
0.002617170
0.009493660
0.027909301
0.196533723
1.243291997
0.036443844

0.014214331
0.035920193
0.046248697
0.002838026
0.002042081
0.022162458
0.214954869
1.230336048
0.032845263

0.012011265
0.037033238
0.037765266
0.002307356
0.001001657
0.015291487
0.232570027
1.217073915
0.029800705

0.008505851
0.037366177
0.030054267
0.005320779
0.010568679
0.022437461
0.245000052
1.198572664
0.028279138

0.006771173
0.033620194
0.021925320
0.000331546
0.001645134
0.019427532
0.252610118
1.180609302
0.026960960

0.003527164
0.033439731
0.014823965
0.000897555
0.001715948
0.008474422
0.258308949
1.167265567
0.022989386

0.002767168
0.029729107
0.010334160
0.003385538
0.001011086
0.004484031
0.259855069
1.150956357
0.018959531

0.001704234
0.026703517
0.006869718
0.009987897
0.006997805
0.012463650
0.262067167
1.137880282
0.019316800

0.002620302
0.025945164
0.002838053
0.002699187
0.002980626
0.007908060
0.263008561
1.126900664
0.018648013

0.007357837
0.024827630
0.000126488
0.003209740
0.012049458
0.001376256
0.258101306
1.116790332
0.013979833

0.006753644
0.026380826
0.001612970
0.000758847
0.005019069
0.001790623
0.249281603
1.108235984
0.016124400

0.011383187
0.024926918
0.002980775
0.000704485
0.001723406
0.001525569
0.240933094
1.097760563
0.011116999

0.007721988
0.022166235
0.004012227
0.004207502
0.001293359
0.004848668
0.227259849
1.090649603
0.010983085

0.006735421
0.021206568
0.005095944
0.000386243
0.001125936
0.000980171
0.220140260
1.083135445
0.010537331

0.005596461
0.019048411
0.005218488
0.004734314
0.007585734
0.002734749
0.211179568
1.074569007
0.008665179

0.008754388
0.017002387
0.004871334
0.007684374
0.009889223
0.000577794
0.202649139
1.069268780
0.007740246

0.009952251
0.014329581
0.004490931
0.007370834
0.001473576
0.003183151
0.189953823
1.066766942
0.006763572

0.009103692
0.012202265
0.003848203
0.003556604
0.007580112
0.000826917
0.178988001
1.064217048
0.008055347

0.005823396
0.013909637
0.003593085
0.004664589
0.014266688
0.003560723
0.171081751
1.062203897
0.007793604

0.005930511
0.016017970
0.003045574
0.003075550
0.006060446
0.000453329
0.164477165
1.059189197
0.004747387

0.002923350
0.013049331
0.002497690
0.001182350
0.004089744
0.001444417
0.154912670
1.056698627
0.006318109

0.001112716
0.014640415
0.001977236
0.006654896
0.002405665
0.000873480
0.150498057
1.055968760
0.004879838

0.002687961
0.012712449
0.001752474
0.003684878
0.005682039
0.002463154
0.147387482
1.051467173
0.004253206

0.004464806
0.014692945
0.002033639
0.000856137
0.000447764
0.000325999
0.149544385
1.048210937
0.002930446

0.002240175
0.014334265
0.002278883
0.000972217
0.013876961
0.000957098
0.152203126
1.040788843
0.002301273

0.002490465
0.015598685
0.002053621
0.000250811
0.004883695
0.004965028
0.151903254
1.036125002
0.002444394

0.000686793
0.015116910
0.001524332
0.002203510
0.009037681
0.003255300
0.152443065
1.029752652
0.003901053

0.000062498
0.013861665
0.002450636
0.000077256
0.012728260
0.007376487
0.149723730
1.024993495
0.006271178

0.004425109
0.011686627
0.003828278
0.004017933
0.007955707
0.000005721
0.148629712
1.020399500
0.002172283

0.002978289
0.010724829
0.003810882
0.000954477
0.011001140
0.008185734
0.153329437
1.015861539
0.002007228

0.003482611
0.007050010
0.002770407
0.001155406
0.003363701
0.002884279
0.154177357
1.014177675
0.005028745

0.002545664
0.002233375
0.002262131
0.007656017
0.013027918
0.006244598
0.156550532
1.016040029
0.006557384

0.001602626
0.005909762
0.001203608
0.007437884
0.003931707
0.001518095
0.159746862
1.023568822
0.004470657

0.001710735
0.008797141
0.000731342
0.002997631
0.003202271
0.003366102
0.162121411
1.026430253
0.006191833

0.002614943
0.007275912
0.000170965
0.003550678
0.014717619
0.002070286
0.164493520
1.026810052
0.007007737

0.001735119
0.013863424
0.000267500
0.003054147
0.000602051
0.000011988
0.168381782
1.028410400
0.005663388

0.000433408
0.014753943
0.000064037
0.006620406
0.002357516
0.003792782
0.168001038
1.022170772
0.006896198

0.000106094
0.052213250
0.001154309
0.000248865
0.006935662
0.001401348
0.164178273
0.998293542
0.007034487

0.002819559
0.021489800
0.000937484
0.004872445
0.008173760
0.003343598
0.158170478
0.949379302
0.003532495

0.000759195
0.014214922
0.000285321
0.001364297
0.003270596
0.004112575
0.166329531
1.023681844
0.000503472

0.000716212
0.002205826
0.000565003
0.002034937
0.000223367
0.001511467
0.171035726
1.048478867
0.000200464

0.000575707
0.013431677
0.000607039
0.001449879
0.004976285
0.001659284
0.171987422
1.047787970
0.000660006

0.000720604
0.017867965
0.000058307
0.005537774
0.000885968
0.002145547
0.169274730
1.035866223
0.001519751

0.002063484
0.016591284
0.000574468
0.002605804
0.002445348
0.000776980
0.169114893
1.022462643
0.001831367

0.001876543
0.015138661
0.000371258
0.003383528
0.008599173
0.006618649
0.169728928
1.010611375
0.000944704

0.000587500
0.012332024
0.000933539
0.000363862
0.005898554
0.003030198
0.170540346
1.000852072
0.002940039

0.000235530
0.010108987
0.002064170
0.002440921
0.001396248
0.001600915
0.171001921
0.997266591
0.001836745

0.001915547
0.009441747
0.002788661
0.000789759
0.007681173
0.000028928
0.169979615
0.996153041
0.003190670

0.000433071
0.001162120
0.001576312
0.001700975
0.114303103
0.018519734
0.167893939
1.004078050
0.000363060

0.000081607
0.026043951
0.004800114
0.002746432
0.052335429
0.037291365
0.171361121
1.025037854
0.000645539

0.003981297
0.034997187
0.016832319
0.008101835
0.042549104
0.044656179
0.178206321
1.057436674
0.000180424

0.009469014
0.021179588
0.032087226
0.014520537
0.061584594
0.032529578
0.191848524
1.094782727
0.004107809

0.011576312
0.015416072
0.044881031
0.011273840
0.062215984
0.023448363
0.208515678
1.123028180
0.008748048

0.005660785
0.060089974
0.053173619
0.012365039
0.047546854
0.006261484
0.219943561
1.113619691
0.029350288

0.007278103
0.099831228
0.056646853
0.000371526
0.037289443
0.011195537
0.223016195
1.056166251
0.063690251

0.023957649
0.123979936
0.056592808
0.011261054
0.023255137
0.015006385
0.219350198
0.953843606
0.103701519

0.034204395
0.137765066
0.052695431
0.010283154
0.025624648
0.025015188
0.208625697
0.820698977
0.135381149

0.042915106
0.142309933
0.046338090
0.008787714
0.032870499
0.026371343
0.184031590
0.664076683
0.147053123

0.043046336
0.134269421
0.037120350
0.012415980
0.003161736
0.039193269
0.156615819
0.500374469
0.145418105

0.035259798
0.119327684
0.023640304
0.009406102
0.025188422
0.035076813
0.126516299
0.348189383
0.128924397

0.026790324
0.101536202
0.008866987
0.003078682
0.004227782
0.032137697
0.095795518
0.215785038
0.109594993

0.016829498
0.082429598
0.005488796
0.000476874
0.006105460
0.030687405
0.069569628
0.104146129
0.084621386

0.005887132
0.065557491
0.018761735
0.000195713
0.005043801
0.025384010
0.046512896
0.008760570
0.064238529

0.005484744
0.047113710
0.029700344
0.010450393
0.002580371
0.018959023
0.021750487
0.068608307
0.046217414

0.009292493
0.029677415
0.039282586
0.010879366
0.007011145
0.019943640
0.001333054
0.128688716
0.032718397

0.016822059
0.014319274
0.046755231
0.012697500
0.006186495
0.012777993
0.016767863
0.177215072
0.024646446

0.020098595
0.003484161
0.052368369
0.000712968
0.011334656
0.011145325
0.032679015
0.209243267
0.015087968

0.018097355
0.015661192
0.056186641
0.003149248
0.019921510
0.001691997
0.043847724
0.225186589
0.017608260

0.017124377
0.030072175
0.056123812
0.000483922
0.016677765
0.010663628
0.052682763
0.229791303
0.011104062

0.009710692
0.035961756
0.053973199
0.000286394
0.008324602
0.012790278
0.060616003
0.221917348
0.012464974

0.005521597
0.045351235
0.049985738
0.002022748
0.013142602
0.012723952
0.061710863
0.209276336
0.017170502

0.003839963
0.049929253
0.044944256
0.000176316
0.014581996
0.018520440
0.062138298
0.180231362
0.019606731

0.001657940
0.050222026
0.038632886
0.003099959
0.014563788
0.022557470
0.064399816
0.145841432
0.016394574

0.002729639
0.052828053
0.030634210
0.004685805
0.003544197
0.026841091
0.065527472
0.110077262
0.019102229

0.003170661
0.047925866
0.021563120
0.002418956
0.007208870
0.020726022
0.064076606
0.066424540
0.017459525

0.005268520
0.043073102
0.013398243
0.008412064
0.000897341
0.017554839
0.064127721
0.025442567
0.016666458

0.006147524
0.035275834
0.006097320
0.001254259
0.004095221
0.018318903
0.062074261
0.012525038
0.016378944

0.007106326
0.028761714
0.000939202
0.000589392
0.001058871
0.015933734
0.059028945
0.043711679
0.013075536

0.016655102
0.032079951
0.002975722
0.135505379
0.130633979
0.040888795
0.041293116
0.083037013
0.010924570

0.033119006
0.048914704
0.015940126
0.103656839
0.003419337
0.111351925
0.026876485
0.125924226
0.007081506

0.029795798
0.032017802
0.040396223
0.037403485
0.143514168
0.072993707
0.012282447
0.167373579
0.000931827

0.010120999
0.007353251
0.061263404
0.026965985
0.076492653
0.045650284
0.006074558
0.205460431
0.004548307

0.003619040
0.048000040
0.081498565
0.007686847
0.003159849
0.043630420
0.014402237
0.215433579
0.008344826

0.020561070
0.064031114
0.101303646
0.014254851
0.007453574
0.028094425
0.026071623
0.184036977
0.018128212

0.037643029
0.062252236
0.115809782
0.025296326
0.000638439
0.018381403
0.044489666
0.126153122
0.028234733

0.046840672
0.051832023
0.126120774
0.021520960
0.011459896
0.033162397
0.065237962
0.054902782
0.033950552

0.046876263
0.031336016
0.137808563
0.016915366
0.000598303
0.035735709
0.079699324
0.016279578
0.032460748

0.039644513
0.013911739
0.149421994
0.018748238
0.012414441
0.022250124
0.093799594
0.073333262
0.026207756

0.028607046
0.002511085
0.158480833
0.016517875
0.007701404
0.019500066
0.107132536
0.116778505
0.022951738

0.019830650
0.014049810
0.164448948
0.021243931
0.012017832
0.006511344
0.121035159
0.146274020
0.015437708

0.021679321
0.001049083
0.160764143
0.003805808
0.168474826
0.095790034
0.120376294
0.165932364
0.015772565

0.020126314
0.029237464
0.135916713
0.045393425
0.000837685
0.133380222
0.101753086
0.172673757
0.021599831

0.003842668
0.033555201
0.092720658
0.020692280
0.067047842
0.116977055
0.076416580
0.164893041
0.030652159

0.029436350
0.002543860
0.045506256
0.006077050
0.147230122
0.080605774
0.051404574
0.158825172
0.051606344

0.037703788
0.068827691
0.014175152
0.006047258
0.224350677
0.028219081
0.074917832
0.149769467
0.089953365

0.027169009
0.156903391
0.006516951
0.009273138
0.032907968
0.011049642
0.160291682
0.148425366
0.153139796

0.016580147
0.201241627
0.006803619
0.002827177
0.024370483
0.021672571
0.328202868
0.151853159
0.216257879

0.007789677
0.214470516
0.010310784
0.009476238
0.035533099
0.034897551
0.552415622
0.161299180
0.245192544

0.011540191
0.193752809
0.016573695
0.016368029
0.037388384
0.028700320
0.799690945
0.184420591
0.231378321

0.020745286
0.144893840
0.023316628
0.017503706
0.011473090
0.011543245
1.027316513
0.210467686
0.182132956

0.032243729
0.085211506
0.026277388
0.025399129
0.000224059
0.003109287
1.198384130
0.224835042
0.132019773

0.039653714
0.028664202
0.027512275
0.015540309
0.017029698
0.002694167
1.302148484
0.217644566
0.101406038

0.038614050
0.017644473
0.027895985
0.010195609
0.006353191
0.007657532
1.347538688
0.195942508
0.087436853

0.038384514
0.043316856
0.025335831
0.005317484
0.012597173
0.015931197
1.349795912
0.164590691
0.082034940

0.037153167
0.055016741
0.021392399
0.008421683
0.005926463
0.013294426
1.334466915
0.122136063
0.080653700

0.035584436
0.059372245
0.016588444
0.008529948
0.014019700
0.023515955
1.313146151
0.073330466
0.079145767

0.031717510
0.054996792
0.009418231
0.002939507
0.011559302
0.026576960
1.289856920
0.022374679
0.070373218

0.029020553
0.048887697
0.001109262
0.000211133
0.005239549
0.017083870
1.274952017
0.023748246
0.061769215

0.022511160
0.041729692
0.006152543
0.001912638
0.009775600
0.019493992
1.266066533
0.067235909
0.054383333

0.014693002
0.038381760
0.012967615
0.007105468
0.004238802
0.013062277
1.259167467
0.102055280
0.041560136

0.003670302
0.032942269
0.018406433
0.000683980
0.003399716
0.016916935
1.250829155
0.128787102
0.038800574

0.001148213
0.029953311
0.023782729
0.006160950
0.006295578
0.009023598
1.242165086
0.143669695
0.031302833

0.024517287
0.074634338
0.028948561
0.000723723
0.002383315
0.003328166
1.207423072
0.153955553
0.033236978

0.004534443
0.009123941
0.027954794
0.004107446
0.002061951
0.003269512
1.133523497
0.149724244
0.024497915

0.013295990
0.004514229
0.029304320
0.006075169
0.010754499
0.001101112
1.206767032
0.152674713
0.022316133

0.021047394
0.013492738
0.030090911
0.009385038
0.008958936
0.010981449
1.225782808
0.144169420
0.022541569

0.026299607
0.026999288
0.027230175
0.007593394
0.017905457
0.000500722
1.214250165
0.128777236
0.020142311

0.026904993
0.033480755
0.025502471
0.005970960
0.007398497
0.009520451
1.186146861
0.108673938
0.019698555

0.027057222
0.037899681
0.022780434
0.004408666
0.008300848
0.008223976
1.156347644
0.087171948
0.020988149

0.027918868
0.035046470
0.019261462
0.003847549
0.002203520
0.014636703
1.123526393
0.062870833
0.019990665

0.028668107
0.031438257
0.014368175
0.000291964
0.008661669
0.014171575
1.096447985
0.033566682
0.020385707

0.025357937
0.016760797
0.009866753
0.003024301
0.008459985
0.012733145
1.093177231
0.002402793
0.018177373

0.023484206
0.027239672
0.005284001
0.004659365
0.005986982
0.012485453
1.166872555
0.025755067
0.012544324

0.018016006
0.021526272
0.000214829
0.009510066
0.007554402
0.005448357
1.210897563
0.055561550
0.013400428

0.011357793
0.047524503
0.003585063
0.008301367
0.006702781
0.003175311
1.160122269
0.078537009
0.013230878

0.009643928
0.046855776
0.005720072
0.001238196
0.002230000
0.008932797
1.086339563
0.090318861
0.011038950

0.008438443
0.036977633
0.008178625
0.003574622
0.003726436
0.007143294
1.025246753
0.100726254
0.008784835

0.006412975
0.017654325
0.009771215
0.003903255
0.061649737
0.006131345
0.990140146
0.112109061
0.011988293

0.002014413
0.013799815
0.011332509
0.001189952
0.102376207
0.016102381
0.992015661
0.124737229
0.011163358

0.004893243
0.039731014
0.017944078
0.016482589
0.016284703
0.036931887
1.021794160
0.134508505
0.008312744

0.020198179
0.033892880
0.035270599
0.015643569
0.078306812
0.082707255
1.065065543
0.143859759
0.005830184

0.034833503
0.002300682
0.063484840
0.033099029
0.071467705
0.092247217
1.102287757
0.155696235
0.011564036

0.036973881
0.051998500
0.090115175
0.018315207
0.042971878
0.047279767
1.105559618
0.166871950
0.023490850

0.015924805
0.097229235
0.104313781
0.010634214
0.043475805
0.022568327
1.059333252
0.171390577
0.058829922

0.014219927
0.128458152
0.099525449
0.000360868
0.021560397
0.083610386
0.965523228
0.163494838
0.105030168

0.040534364
0.134995894
0.078757827
0.001723997
0.027726873
0.110538250
0.832166643
0.139851286
0.139829462

0.051967437
0.135888891
0.048022585
0.014010958
0.023290659
0.090909067
0.675443667
0.111361617
0.155424958

0.044680397
0.130767686
0.016454349
0.012937635
0.031505067
0.068693033
0.514020033
0.076534060
0.156703427

0.031199660
0.123465226
0.011679681
0.005444173
0.000789441
0.045493686
0.368927606
0.037803560
0.140474863

0.017742248
0.107955654
0.033669685
0.003625757
0.014433189
0.022669269
0.238293043
0.000587972
0.120293110

0.008912735
0.092201421
0.048930827
0.000127099
0.008103171
0.010189890
0.121919892
0.030935880
0.094878509

0.002320666
0.069716074
0.056993284
0.005552870
0.008453542
0.004923098
0.020828140
0.054540893
0.073919136

0.001274548
0.052371047
0.058882306
0.001746286
0.018249733
0.008776447
0.060424678
0.069372669
0.055589860

0.002853279
0.028515191
0.056730593
0.009768567
0.004767563
0.014583581
0.132081756
0.077954258
0.036644086

0.007499251
0.008557401
0.052299518
0.000010129
0.011866030
0.014703650
0.182409250
0.074859533
0.029602878

0.011113957
0.004145054
0.046778540
0.004446144
0.010114838
0.016239224
0.216172488
0.060095161
0.021931645

0.012334741
0.017925564
0.040503993
0.006906179
0.001326985
0.014149498
0.239997292
0.043039578
0.018088942

0.013228229
0.030813850
0.034839929
0.000733832
0.030737406
0.013821442
0.244608346
0.023499225
0.019440245

0.013222559
0.038886753
0.029676429
0.004497943
0.008000448
0.011567129
0.235076519
0.001343343
0.017366071

0.012647685
0.047184529
0.024202120
0.011071313
0.014176409
0.017158678
0.218586069
0.019933056
0.016201359

0.013948672
0.049230422
0.018163189
0.002068603
0.005600189
0.014640080
0.190461679
0.039456052
0.017878366

0.009471716
0.051200078
0.012990642
0.007279667
0.009584489
0.004229342
0.159057720
0.058404170
0.017869042

0.007290550
0.050996715
0.009139680
0.003017646
0.003939164
0.015868850
0.120847005
0.071152907
0.020479054

0.006850772
0.047820617
0.004875691
0.010489900
0.001425917
0.004486984
0.080184276
0.082110608
0.014698913

0.001385596
0.042181811
0.001357814
0.003447806
0.003467917
0.011669556
0.041085489
0.094348082
0.014299964

0.003170890
0.035900832
0.002146891
0.003775115
0.006185295
0.004164667
0.004603493
0.100915392
0.013484774

0.005654320
0.030071139
0.004297390
0.006652589
0.014530706
0.000742881
0.029148602
0.102591173
0.009493305

0.006128195
0.025121455
0.005857903
0.002454863
0.005087814
0.004412450
0.056454731
0.102388678
0.006971065

0.009703215
0.022524157
0.007191546
0.000526252
0.000384750
0.001078392
0.080823766
0.102888966
0.005763378

0.011025988
0.014940283
0.008259177
0.012595319
0.001076420
0.003689924
0.107001362
0.097312404
0.006090404

0.013707842
0.010562181
0.008734056
0.003069972
0.001329111
0.006778303
0.125709598
0.090083013
0.003801035

0.014822729
0.004601852
0.007764298
0.001921632
0.009021433
0.000995544
0.142772176
0.080187393
0.003170856

0.014829495
0.002645830
0.007212462
0.003510261
0.008574250
0.000146746
0.154010429
0.067582221
0.003604450

0.014940242
0.010442356
0.006001530
0.003744216
0.000284520
0.010851493
0.158771921
0.053104799
0.004812075

0.009989292
0.012425894
0.003905309
0.001039148
0.013240210
0.000586182
0.155723412
0.037335934
0.005122501

0.008136789
0.015039218
0.002391213
0.000949910
0.008897726
0.006451653
0.152326681
0.026786477
0.004818147

0.016434040
0.013609264
0.001684132
0.137771946
0.115662241
0.033511965
0.158195871
0.004125263
0.003933191

0.028561867
0.001518004
0.007100606
0.135457962
0.127220009
0.025399725
0.146826214
0.014276989
0.121662516

0.007736467
0.011504429
0.019688125
0.038708652
0.013142764
0.003362739
0.155038396
0.046570080
0.137166665

0.016595983
0.028815270
0.022537845
0.002333292
0.011475010
0.008536361
0.150263966
0.062916098
0.129365937

0.027389116
0.036112153
0.021161068
0.002254455
0.010789281
0.014731958
0.142072879
0.066331928
0.125440993

0.029691878
0.039169514
0.016406005
0.010861070
0.017707021
0.009836902
0.097923420
0.040451798
0.121387546

0.024494156
0.033837604
0.011224675
0.001606439
0.002089616
0.015422954
0.056784847
0.015046258
0.124155709

0.016882969
0.029842353
0.006269252
0.001009738
0.011824843
0.005628504
0.023885891
0.006306035
0.126868039

0.010191520
0.022710061
0.002843369
0.002733516
0.000969618
0.009515642
0.001495666
0.017231784
0.126000393

0.003275695
0.017020196
0.000689064
0.002595031
0.002038633
0.010315831
0.017385312
0.020940091
0.131359823

0.000804283
0.012936069
0.003683221
0.005517852
0.003533694
0.000055257
0.030125737
0.017491736
0.134930068

0.004284469
0.010276233
0.005051962
0.002024748
0.001352170
0.002545464
0.042059442
0.011759831
0.133337475

0.003906732
0.006909825
0.005672406
0.005579854
0.001220380
0.003148819
0.053460011
0.004512541
0.135079945

0.003316530
0.003876033
0.004942733
0.002895416
0.003753926
0.005599187
0.061909580
0.000978134
0.139107268

0.003358211
0.002393874
0.003867009
0.003241959
0.019935174
0.000399949
0.066602654
0.001071478
0.136552175

0.002658253
0.004013325
0.003562457
0.000559864
0.001197369
0.000580582
0.070586557
0.004753629
0.136300198

0.002295050
0.007605527
0.003302778
0.006534008
0.002690120
0.002704660
0.068643577
0.007988279
0.138102787

0.003978147
0.008278452
0.002533810
0.002108689
0.008175787
0.003016553
0.064067340
0.010509929
0.137860282

0.002491927
0.009929241
0.001746034
0.000166721
0.003375268
0.000535802
0.057524295
0.014168688
0.136332640

0.000424264
0.006188660
0.001678028
0.006199444
0.017334235
0.001336877
0.046547987
0.014170091
0.137317644

0.000583792
0.008823039
0.001362515
0.003150832
0.001879875
0.006007698
0.042159484
0.013712343
0.140744578

0.000610532
0.008040916
0.000154241
0.001590958
0.009980836
0.001759020
0.035481103
0.014489413
0.139505698

0.001131147
0.005342585
0.000609651
0.005456928
0.006293908
0.000011586
0.028850242
0.012749480
0.139516758

0.000305694
0.004278214
0.000851605
0.000508238
0.004769905
0.000707899
0.024069064
0.010617420
0.137381931

0.001671759
0.005632477
0.000664989
0.004502579
0.002939994
0.002169402
0.020238116
0.009633738
0.140025085

0.001051510
0.005821219
0.000541789
0.003735709
0.004014902
0.003664975
0.014261332
0.011045927
0.138561387

0.000151043
0.006780668
0.000969731
0.000410515
0.011499380
0.001092696
0.006445623
0.008235751
0.137338394

0.000107337
0.006165287
0.000758707
0.006147223
0.017966687
0.002593221
0.002211320
0.006985479
0.138007274

0.000320937
0.001082329
0.000438418
0.004536809
0.006693477
0.001828119
0.008424397
0.006994125
0.141123870

0.001382517
0.002558992
0.000458596
0.000957680
0.005211220
0.001516048
0.011654284
0.006526378
0.137585780

0.000145655
0.004274424
0.000625357
0.001980955
0.005520185
0.004593878
0.010474178
0.004014075
0.140028622

0.000350681
0.002451479
0.001037934
0.003641080
0.016783246
0.004728908
0.009169208
0.003961168
0.138622028

0.000201511
0.003142389
0.000502831
0.001294459
0.007502708
0.000616742
0.008576389
0.004684422
0.142589494

0.001371584
0.000372666
0.000479318
0.004621986
0.001472641
0.001107053
0.004663376
0.004558056
0.139066495

0.000103484
0.001779713
0.000436380
0.006032649
0.003430689
0.002806933
0.008096996
0.001345414
0.141395192

0.000980385
0.000106199
0.000099705
0.006471317
0.012242998
0.000713273
0.011515277
0.000354744
0.138619355

0.001683695
0.002049518
0.000499977
0.005321430
0.018465535
0.001610809
0.012655170
0.001102667
0.139465501

0.001683696
0.001310637
0.000895246
0.008493517
0.008067683
0.000499211
0.013144255
0.000796303
0.138668211

0.003701410
0.000909255
0.000824486
0.005274214
0.002376977
0.001641729
0.015955371
0.000004402
0.144034635

0.000054098
0.002584929
0.000118832
0.002992211
0.005453208
0.005145374
0.016102051
0.003660798
0.140724417

0.000802495
0.002464096
0.000590818
0.000770637
0.001876757
0.004931961
0.015864302
0.000690515
0.140161703

0.001497204
0.004358178
0.000180487
0.003003817
0.003075791
0.000693814
0.017380647
0.001848540
0.146434613

0.000325748
0.004481211
0.000284858
0.001423912
0.000295783
0.004516490
0.015703185
0.003080293
0.129292998

0.001010835
0.002621908
0.000775422
0.001759703
0.004824099
0.004531934
0.013791699
0.002076576
0.129835441

0.001337912
0.004413731
0.000374847
0.003989635
0.003450740
0.001350839
0.014101567
0.003568829
0.141654462

0.002125029
0.005507763
0.000176340
0.004715427
0.002020842
0.003149814
0.011626744
0.005939595
0.152680592

0.000939486
0.002859210
0.000376041
0.005268067
0.001880854
0.000030838
0.009395274
0.007089114
0.134026859

0.002208577
0.000667095
0.000635439
0.002155965
0.004497319
0.000667692
0.010938740
0.004492535
0.140134500

0.001411661
0.002201168
0.000891450
0.001545115
0.008485219
0.000167558
0.011847615
0.001474663
0.142033989

0.000197607
0.006069248
0.000761275
0.001047819
0.002713247
0.002978930
0.008030744
0.005343663
0.140651175

0.000709943
0.002781215
0.000412998
0.001177213
0.009646842
0.002370342
0.002732323
0.005277336
0.140870477

0.001314872
0.000212259
0.000654692
0.007148985
0.010069445
0.000025847
0.003190458
0.003447373
0.137289230

0.000651792
0.001773751
0.000866476
0.003152235
0.006577468
0.001498892
0.004950594
0.002239766
0.136733822

0.000841508
0.001126494
0.000869853
0.006754674
0.008427204
0.004405223
0.004184736
0.003547061
0.138650693

0.000269028
0.002121287
0.000006700
0.004792348
0.004948273
0.002045829
0.003310838
0.002159604
0.137279984

0.000699889
0.001126181
0.000174295
0.001026864
0.002925785
0.006005230
0.006009838
0.000419974
0.137678929

0.000847552
0.000100665
0.000409552
0.001157029
0.011145167
0.003419853
0.005838124
0.000865485
0.136858229

0.000568526
0.002140591
0.000276172
0.003950990
0.001700293
0.002268175
0.004831848
0.001538316
0.135938394

0.000548511
0.002538537
0.000601262
0.003455623
0.000462885
0.000109017
0.003211273
0.001524748
0.136246807

0.001144516
0.002416844
0.000486081
0.005561266
0.000509821
0.003188034
0.001052233
0.001353778
0.138204388

0.000596080
0.002157659
0.000131373
0.001208413
0.003600269
0.002270011
0.001376695
0.000572342
0.136920837

0.000713084
0.001577168
0.000501212
0.003671296
0.008249189
0.001991020
0.002924527
0.000652480
0.139329964

0.000753983
0.000106477
0.001047985
0.004414079
0.002842274
0.001125564
0.004225252
0.000622890
0.141458275

0.000324888
0.000622104
0.001639163
0.000697008
0.002470487
0.002505145
0.004774129
0.001421558
0.140230826

0.000919315
0.001499112
0.002238569
0.004637330
0.002178109
0.000337371
0.004342780
0.001127881
0.139190538

0.000551354
0.002103225
0.002107596
0.001595938
0.000414602
0.003870077
0.003379533
0.002645988
0.140322407

0.000749183
0.003977432
0.001556992
0.008041966
0.000127594
0.001473817
0.001112941
0.003690176
0.003000000

0.000224794
0.000041985
0.001060241
0.003283758
0.006462336
0.006675587
0.002099055
0.001073479
0.002000000

0.000102481
0.001063830
0.000039634
0.002845637
0.001102995
0.002709442
0.000642447
0.001428153
0.001000000

0.001020105
0.000952053
0.000322602
0.000863982
0.001368829
0.004652933
0.002047858
0.002577774
0.001000000

0.001158133
0.000702377
0.000690881
0.003090249
0.002739608
0.006169160
0.002849096
0.002748358
0.001000000

0.000629041
0.000244969
0.000007001
0.000620553
0.005722442
0.001502099
0.002931765
0.002802307
0.003000000

0.001009641
0.000983247
0.000563865
0.000865748
0.007907280
0.007625318
0.003069472
0.004854247
0.005000000

0.000465586
0.000252940
0.001473899
0.004083529
0.003790704
0.006248900
0.002912408
0.002261239
0.003000000

0.000840028
0.000359825
0.000768222
0.001100905
0.000843982
0.001030252
0.002562510
0.001636844
0.004000000

0.001181711
0.000089607
0.000200079
0.005579625
0.001025576
0.001571044
0.002289887
0.001610130
0.000383538

0.000121021
0.000365084
0.000683707
0.004782564
0.001444355
0.005206438
0.002170727
0.001894978
0.003000000

0.001060231
0.000436640
0.001571340
0.000009710
0.004279769
0.003170191
0.002176436
0.002097800
0.001000000

0.001531635
0.000361030
0.001164287
0.000222249
0.002143073
0.003312529
0.002239632
0.002136731
0.001000000

0.001453579
0.001849533
0.000455933
0.002398607
0.002903065
0.000471666
0.003388061
0.001850476
0.000380576

0.000772175
0.001894020
0.000211640
0.002181445
0.003380704
0.003957366
0.001950819
0.001332502
0.005000000

0.000008714
0.001240645
0.000827788
0.002241723
0.001271642
0.003252980
0.000119678
0.001083524
0.006000000

0.000646165
0.000991670
0.000462333
0.000195172
0.002517310
0.001223473
0.000753741
0.000854790
0.003000000

0.000563252
0.001069389
0.000146006
0.003687718
0.002710866
0.003416332
0.002948506
0.000672464
0.006000000

0.000347794
0.000653403
0.000653966
0.004803521
0.000295302
0.003249182
0.000247730
0.000529883
0.004000000

0.000686319
0.000484910
0.000150769
0.004007113
0.000524491
0.002466774
0.003348334
0.000417545
0.002000000

0.000038933
0.000533807
0.000318692
0.002930497
0.000398901
0.001354850
0.000383535
0.000328942
0.003000000

0.000393841
0.000326608
0.000448781
0.004758037
0.003526011
0.002000808
0.000608323
0.000259108
0.001000000

0.000118392
0.000189721
0.000617102
0.001052242
0.001366528
0.002414236
0.000847028
0.000204102
0.006000000

0.000159491
0.000009477
0.000131223
0.000033729
0.002009550
0.005481025
0.002943100
0.000160765
0.001000000

0.000204124
0.000109235
0.001015647
0.000350567
0.003227262
0.003243906
0.002420576
0.000126631
0.004000000

0.000276434
0.000265473
0.000661658
0.000056069
0.001045344
0.002435556
0.000291025
0.000099744
0.003000000

0.000037941
0.000247038
0.000231409
0.003176263
0.000039810
0.001093920
0.000423843
0.000078566
0.002000000

0.000491932
0.000446382
0.000055995
0.000687256
0.002610087
0.002256798
0.000597850
0.000061884
0.000383854

